function dosecolormap = dosemap
dosecolormap = [      0         0         0
    0.0980         0    0.1373
    0.1137         0    0.1529
    0.1255         0    0.1765
    0.1333         0    0.1961
    0.1490         0    0.2157
    0.1608         0    0.2353
    0.1765         0    0.2549
    0.1882         0    0.2745
    0.2039         0    0.2902
    0.2157         0    0.3059
    0.2314         0    0.3294
    0.2235         0    0.3412
    0.2118         0    0.3490
    0.2118         0    0.3608
    0.2039         0    0.3765
    0.1961         0    0.3882
    0.1882         0    0.4000
    0.1804         0    0.4078
    0.1686         0    0.4235
    0.1529         0    0.4431
    0.1490         0    0.4549
    0.1412         0    0.4667
    0.1333         0    0.4784
    0.1255         0    0.4902
    0.1176         0    0.5020
    0.1098         0    0.5098
    0.1059         0    0.5255
    0.0980         0    0.5412
    0.0902         0    0.5569
    0.0863         0    0.5686
    0.0784         0    0.5882
    0.0706         0    0.6078
    0.0667         0    0.6196
    0.0627         0    0.6392
    0.0549         0    0.6549
    0.0510         0    0.6745
    0.0471         0    0.6941
    0.0353         0    0.7059
    0.0314         0    0.7255
    0.0275         0    0.7490
    0.0157         0    0.7725
    0.0078         0    0.7961
    0.0039         0    0.8157
         0    0.0039    0.8235
         0    0.0196    0.8078
         0    0.0353    0.7882
         0    0.0549    0.7725
         0    0.0745    0.7529
         0    0.0941    0.7333
         0    0.1137    0.7137
         0    0.1333    0.6941
         0    0.1529    0.6706
         0    0.1725    0.6510
         0    0.1922    0.6314
         0    0.2118    0.6118
         0    0.2275    0.5961
         0    0.2471    0.5765
         0    0.2706    0.5569
         0    0.2902    0.5373
         0    0.3098    0.5176
         0    0.3255    0.4980
         0    0.3412    0.4824
         0    0.3529    0.4706
         0    0.3608    0.4627
         0    0.3647    0.4510
         0    0.3686    0.4392
         0    0.3804    0.4314
         0    0.3882    0.4235
         0    0.4000    0.4157
         0    0.4078    0.4039
         0    0.4157    0.3922
         0    0.4196    0.3843
         0    0.4235    0.3765
         0    0.4353    0.3647
         0    0.4431    0.3529
         0    0.4510    0.3451
         0    0.4588    0.3373
         0    0.4667    0.3294
         0    0.4784    0.3176
         0    0.4902    0.3098
         0    0.4980    0.3020
         0    0.5098    0.2941
         0    0.5255    0.2784
         0    0.5451    0.2627
         0    0.5608    0.2510
         0    0.5686    0.2431
         0    0.5804    0.2314
         0    0.5961    0.2235
         0    0.6078    0.2157
         0    0.6196    0.2078
         0    0.6314    0.1961
         0    0.6431    0.1882
         0    0.6549    0.1804
         0    0.6667    0.1725
         0    0.6863    0.1608
         0    0.7059    0.1490
         0    0.7216    0.1412
         0    0.7412    0.1333
         0    0.7608    0.1216
         0    0.7765    0.1098
         0    0.7961    0.0980
         0    0.8196    0.0902
         0    0.8353    0.0824
         0    0.8549    0.0706
         0    0.8824    0.0588
         0    0.9098    0.0392
         0    0.9333    0.0314
         0    0.9529    0.0196
         0    0.9725    0.0078
    0.0039    0.9882         0
    0.0235    0.9961         0
    0.0627    0.9843         0
    0.1020    0.9686         0
    0.1373    0.9608         0
    0.1765    0.9529         0
    0.2157    0.9412         0
    0.2510    0.9333         0
    0.2902    0.9216         0
    0.3294    0.9098         0
    0.3686    0.9020         0
    0.4078    0.8941         0
    0.4431    0.8824         0
    0.4824    0.8745         0
    0.5216    0.8667         0
    0.5608    0.8549         0
    0.6157    0.8431         0
    0.6706    0.8314         0
    0.6902    0.8353         0
    0.7098    0.8392         0
    0.7294    0.8431         0
    0.7490    0.8471         0
    0.7647    0.8510         0
    0.7804    0.8510         0
    0.8039    0.8588         0
    0.8235    0.8627         0
    0.8392    0.8667         0
    0.8627    0.8706         0
    0.8824    0.8745         0
    0.9020    0.8784         0
    0.9216    0.8824         0
    0.9373    0.8863         0
    0.9569    0.8902         0
    0.9765    0.8941         0
    0.9961    0.8941         0
    1.0000    0.8863         0
    1.0000    0.8745         0
    1.0000    0.8588         0
    1.0000    0.8353         0
    1.0000    0.8157         0
    1.0000    0.8039         0
    1.0000    0.7922         0
    1.0000    0.7765         0
    1.0000    0.7647         0
    1.0000    0.7490         0
    1.0000    0.7373         0
    1.0000    0.7255         0
    1.0000    0.7137         0
    1.0000    0.6980         0
    1.0000    0.6824         0
    1.0000    0.6706         0
    1.0000    0.6588         0
    1.0000    0.6431         0
    1.0000    0.6275         0
    1.0000    0.6157         0
    1.0000    0.6039         0
    1.0000    0.5882         0
    1.0000    0.5765         0
    1.0000    0.5608         0
    1.0000    0.5451         0
    1.0000    0.5216         0
    1.0000    0.5059         0
    1.0000    0.4923         0
    1.0000    0.4769         0
    1.0000    0.4615         0
    1.0000    0.4462         0
    1.0000    0.4308         0
    1.0000    0.4154         0
    1.0000    0.4000         0
    1.0000    0.3846         0
    1.0000    0.3692         0
    1.0000    0.3538         0
    1.0000    0.3385         0
    1.0000    0.3231         0
    1.0000    0.3077         0
    1.0000    0.2923         0
    1.0000    0.2769         0
    1.0000    0.2615         0
    1.0000    0.2462         0
    1.0000    0.2308         0
    1.0000    0.2154         0
    1.0000    0.2000         0
    1.0000    0.1846         0
    1.0000    0.1692         0
    1.0000    0.1538         0
    1.0000    0.1385         0
    1.0000    0.1231         0
    1.0000    0.1077         0
    1.0000    0.0923         0
    1.0000    0.0769         0
    1.0000    0.0615         0
    1.0000    0.0462         0
    1.0000    0.0308         0
    1.0000    0.0154         0
    1.0000         0         0
    0.9846         0         0
    0.9692         0         0
    0.9538         0         0
    0.9385         0         0
    0.9231         0         0
    0.9077         0         0
    0.8923         0         0
    0.8769         0         0
    0.8615         0         0
    0.8462         0         0
    0.8308         0         0
    0.8154         0         0
    0.8000         0         0
    0.7846         0         0
    0.7692         0         0
    0.7538         0         0
    0.7385         0         0
    0.7231         0         0
    0.7077         0         0
    0.6923         0         0
    0.6769         0         0
    0.6615         0         0
    0.6462         0         0
    0.6308         0         0
    0.6154         0         0
    0.6000         0         0
    0.5846         0         0
    0.5692         0         0
    0.5538         0         0
    0.5385         0         0];
end

